120 0.002149
240 0.005937
360 0.011143
480 0.024034
600 0.044788
720 0.068853
840 0.114718
960 0.164118
1080 0.227855
1200 0.318077
1320 0.427834
1440 0.834744
1560 0.694643
1680 1.03507
1800 1.33403
1920 1.55246
2040 4.08309
2160 2.91686
2280 3.5877
2400 6.21412
2520 6.5802
2640 8.39685
2760 11.3424
2880 13.389
3000 16.2732
3120 19.9749
3240 24.3433
3360 28.7896
3480 31.8812
3600 35.911
3720 41.1639
3840 47.1234
3960 52.2804
4080 150.306
4200 63.6696
4320 71.2124
4440 77.9532
4560 85.0375
4680 92.8951
4800 101.653
4920 109.116
5040 118.283
5160 128.119
5280 148.197
5400 149.719
5520 161.395
5640 172.076
5760 183.954
5880 208.277
6000 215.44
6120 222.461
6240 235.699
6360 253.297
6480 270.715
6600 282.607
6720 299.645
