120 0.00347
240 0.008023
360 0.024481
480 0.04223
600 0.078649
720 0.121475
840 0.233694
960 0.414298
1080 0.635659
1200 0.626435
1320 1.03498
1440 1.14496
1560 1.63868
1680 2.59202
1800 4.68184
1920 5.65852
2040 7.81143
2160 9.72191
2280 12.9557
2400 16.3795
2520 21.0928
2640 25.1479
2760 30.6232
2880 36.6024
3000 42.1941
3120 47.9459
3240 55.4333
3360 62.2927
3480 69.7187
3600 78.6876
3720 86.669
3840 97.668
3960 114.234
4080 111.701
4200 130.308
4320 141.864
4440 154.423
4560 161.286
4680 181.015
4800 196.689
4920 213.71
5040 228.96
5160 247.555
5280 268.489
5400 283.991
5520 305.28
5640 324.503
5760 348.065
5880 368.323
6000 397.563
6120 421.759
6240 449.419
6360 477.219
6480 511.15
6600 529.426
6720 571.26
6840 604.529
6960 627.767
7080 676.227
7200 703.671
7320 742.995
7440 778.943
7560 832.491
7680 891.789
