10000
274
427
251
203
280
227
393
497
191
247
99
242
147
353
330
500
16
232
370
100
294
391
123
440
55
309
402
324
179
256
103
245
35
316
173
192
241
376
102
336
61
74
286
156
320
185
293
388
252
226
2
407
13
85
217
275
219
488
306
301
22
82
18
23
164
475
177
492
237
316
70
397
454
31
159
16
152
357
275
269
264
229
114
10
368
224
357
2
381
27
123
107
416
289
6
356
376
291
38
99
405
219
266
446
233
20
250
216
432
222
56
254
80
123
285
485
316
463
440
350
240
64
237
184
193
402
416
178
115
363
451
385
187
334
13
378
108
328
258
431
152
72
377
21
283
155
245
301
122
40
455
466
378
81
24
428
151
230
337
339
276
332
59
59
111
166
84
86
64
271
401
156
271
492
238
103
347
27
220
321
187
481
317
15
35
246
496
388
487
436
128
242
211
24
282
170
106
344
36
174
0
361
23
398
315
192
373
464
311
208
18
241
146
224
155
186
105
388
475
288
457
65
11
330
258
136
439
300
186
247
358
89
17
340
389
492
52
183
340
236
206
118
330
387
252
349
68
199
228
411
294
371
417
353
30
321
264
74
198
289
206
106
236
321
103
130
400
415
279
396
486
474
134
296
155
111
195
249
221
219
55
407
322
261
392
212
349
465
212
20
54
31
366
157
149
450
293
173
444
480
182
325
301
236
474
252
326
378
250
17
477
462
275
224
98
477
209
154
83
348
342
420
2
59
133
196
184
287
321
305
87
438
249
361
480
303
94
494
55
36
449
112
21
444
112
155
270
16
202
255
425
284
179
350
315
271
51
348
246
55
119
18
46
82
463
210
438
95
300
192
114
72
330
226
125
193
384
326
338
6
372
148
300
67
210
498
253
148
371
115
321
197
311
494
322
31
236
484
290
460
490
67
287
347
396
451
76
319
138
217
83
55
189
89
303
353
462
124
440
471
342
401
120
396
234
266
437
261
164
428
312
255
344
411
7
170
170
84
491
185
308
315
403
467
466
438
138
171
367
127
228
369
125
251
132
131
431
5
257
482
263
327
17
395
371
315
191
177
245
359
383
468
290
47
225
145
290
344
494
100
281
409
277
4
226
77
43
92
169
134
393
4
177
228
265
482
30
286
164
6
276
368
305
478
163
441
137
261
423
175
95
492
239
304
340
146
424
307
181
172
284
143
85
374
32
436
0
137
166
196
430
225
342
403
48
167
226
352
314
294
184
357
465
367
404
201
495
440
386
244
179
369
311
232
225
133
438
401
73
369
72
206
405
191
79
202
166
13
440
276
8
469
162
495
307
305
375
32
150
415
349
278
399
279
212
321
160
132
426
316
250
189
112
114
54
389
389
162
488
313
99
171
24
136
24
226
277
285
188
332
307
362
117
3
95
391
305
491
263
383
47
493
335
217
155
172
460
207
300
30
134
413
189
377
171
111
310
107
383
417
60
76
467
77
480
43
67
365
41
288
119
100
329
245
338
64
455
418
366
41
31
53
210
265
427
59
85
358
143
325
475
15
58
423
348
146
322
323
360
266
248
86
210
191
181
30
349
140
307
349
159
148
205
378
31
20
437
208
157
98
290
193
268
275
233
272
124
319
422
229
294
483
187
441
374
493
69
311
406
483
455
205
436
209
496
373
272
41
298
122
71
15
253
42
492
296
450
461
192
416
455
340
387
1
90
496
478
188
190
165
300
337
408
275
440
376
131
70
488
233
259
21
227
196
411
387
128
47
334
390
27
53
209
303
116
173
202
233
91
481
279
493
121
168
183
164
389
318
174
296
132
167
147
299
123
330
451
37
458
488
381
3
425
338
306
468
118
451
33
484
441
231
104
27
200
14
132
186
218
247
490
217
479
415
216
315
411
348
121
248
225
454
388
216
224
170
88
324
271
63
396
183
71
408
292
386
73
70
472
456
132
493
118
240
73
479
153
431
69
219
186
52
103
81
270
470
408
291
460
294
259
375
490
63
247
74
347
178
367
457
29
150
354
294
158
355
87
19
310
410
2
279
100
194
183
246
412
122
106
163
326
314
348
328
368
158
495
284
215
250
109
325
260
333
151
98
474
417
323
111
242
135
210
375
261
428
362
259
244
453
21
318
15
25
182
460
316
163
167
319
386
65
285
317
218
409
305
56
324
180
6
167
251
62
101
103
50
20
232
64
264
198
10
88
119
418
189
253
143
214
108
455
238
143
172
26
10
235
92
29
217
184
138
388
290
355
28
164
498
270
418
111
284
49
190
143
382
406
30
157
486
423
399
324
245
63
252
79
48
367
225
110
417
113
116
237
211
199
69
254
148
137
111
371
346
66
314
193
14
111
385
470
376
472
198
280
152
183
70
213
374
212
254
333
42
286
286
493
321
56
314
288
441
150
402
387
265
355
69
225
233
467
294
67
279
41
34
222
495
243
401
266
274
262
295
480
83
158
30
18
334
138
311
413
302
141
150
327
58
135
77
58
270
204
384
35
148
428
455
88
228
115
239
252
327
322
427
142
14
200
234
364
136
366
412
459
69
234
269
113
486
437
256
206
112
33
314
390
463
321
426
345
402
360
145
118
94
429
48
11
208
101
169
461
277
230
2
304
39
479
488
337
36
286
274
278
267
75
497
276
244
168
41
28
386
102
387
304
490
439
256
500
4
240
322
489
55
455
481
17
370
9
373
268
1
271
134
169
473
202
398
304
200
283
317
288
468
49
56
155
361
174
163
228
59
145
26
135
166
284
99
480
173
29
320
396
149
7
177
89
360
112
76
218
336
200
317
495
328
157
142
42
179
36
430
418
283
272
292
209
192
320
260
42
426
159
206
18
421
97
97
355
372
499
409
301
26
395
78
228
142
116
156
486
302
377
209
33
188
135
326
278
66
250
407
206
88
90
214
70
482
277
187
392
368
282
340
127
346
196
60
211
410
128
493
238
56
28
18
465
50
448
472
334
111
360
341
91
284
148
137
32
107
162
134
240
286
18
411
336
428
402
387
475
397
64
271
343
395
28
444
337
435
183
332
130
383
239
181
150
68
341
109
276
433
187
120
285
191
229
460
261
218
100
160
144
356
265
89
407
214
241
22
65
240
484
214
39
17
340
174
466
405
66
433
51
155
337
320
338
190
294
403
274
429
248
283
178
186
136
83
430
277
308
42
400
253
386
231
182
134
331
203
193
193
228
284
91
56
181
412
21
34
291
170
71
102
293
4
143
445
44
62
151
20
439
97
215
212
19
21
494
171
316
71
167
419
363
464
490
319
296
119
397
33
358
102
142
73
54
101
326
192
268
114
275
176
430
319
452
262
461
332
27
183
317
384
307
63
419
490
371
205
285
230
160
295
401
337
366
247
117
448
405
340
220
434
404
415
8
221
204
198
36
286
138
334
26
347
196
275
69
382
248
209
73
455
256
361
210
96
200
413
375
452
30
358
226
434
26
293
334
355
228
30
58
177
327
287
478
417
101
378
362
317
89
148
373
470
27
423
57
457
192
432
349
79
45
445
482
329
159
470
184
433
184
410
418
7
290
99
217
303
450
96
122
211
137
381
138
288
109
221
457
364
48
135
5
269
226
271
264
401
102
313
8
483
403
151
40
480
441
388
30
322
442
197
137
35
132
488
241
209
166
400
321
435
145
157
51
414
383
95
349
364
394
1
77
82
263
67
251
170
76
491
2
484
97
470
284
463
395
290
484
12
143
465
41
197
241
316
256
151
289
338
71
285
451
336
491
408
215
482
219
61
244
331
378
423
210
114
449
64
145
409
70
172
291
313
429
35
216
422
255
445
59
206
121
34
92
17
255
47
284
94
327
114
2
137
40
25
224
319
102
464
239
100
356
392
348
199
316
161
374
63
393
314
199
128
42
312
136
176
217
286
63
121
189
180
224
469
397
416
22
174
488
402
288
443
272
311
423
217
243
58
40
251
495
277
467
121
80
327
444
457
97
72
69
286
268
476
261
248
293
344
315
81
56
259
366
478
32
69
442
470
324
79
389
249
323
325
40
156
355
244
2
416
216
204
172
252
196
481
180
362
127
91
453
376
421
416
257
183
443
62
482
311
44
425
40
212
148
4
204
305
41
463
345
456
179
496
228
7
8
233
320
497
107
82
45
183
290
69
224
239
156
356
337
169
191
356
252
348
385
223
426
310
388
488
413
277
280
2
17
120
223
242
109
37
304
262
101
454
413
371
355
326
152
480
68
473
22
487
111
164
380
461
201
460
417
352
190
24
1
474
137
180
17
150
257
50
397
162
73
57
485
326
157
278
27
209
425
11
434
256
237
379
460
494
233
345
78
473
119
453
489
459
429
93
240
450
54
467
267
228
242
239
202
71
296
343
164
297
100
481
460
345
251
476
431
48
309
211
348
389
459
98
467
459
9
375
305
95
245
223
241
182
109
115
3
270
344
139
324
108
384
9
151
162
51
434
464
221
175
237
153
121
228
367
294
3
61
312
404
26
325
478
355
408
466
168
27
329
148
200
263
108
175
79
281
479
212
314
459
13
444
19
114
468
169
500
486
164
52
157
492
340
114
115
355
315
355
352
119
81
449
141
190
468
108
500
480
487
447
209
25
209
375
409
173
11
348
493
175
197
269
271
131
146
141
334
436
96
138
471
247
388
427
201
393
15
303
156
398
124
236
397
456
248
79
88
22
8
347
414
395
499
232
184
378
231
394
352
193
340
49
298
19
279
434
198
142
282
197
483
106
257
117
171
323
50
499
224
260
96
202
377
474
311
477
423
309
435
470
398
278
309
13
267
396
15
127
55
48
203
77
243
455
276
82
243
319
428
428
382
447
435
186
177
17
178
231
133
152
234
292
406
450
160
157
277
207
166
267
254
323
212
348
101
490
407
444
87
73
407
153
384
164
181
290
410
484
284
89
198
174
320
433
497
395
292
182
2
414
416
25
114
299
432
317
244
8
395
314
14
5
351
459
63
391
452
5
310
143
9
404
192
381
168
109
275
251
311
429
181
252
459
241
359
339
235
375
497
165
321
483
404
445
465
403
233
134
393
263
99
119
483
211
217
395
335
500
6
299
385
4
146
97
499
418
142
442
281
414
316
175
64
52
240
182
343
374
140
499
427
7
236
246
122
13
84
163
302
375
97
428
91
342
360
109
93
478
361
37
305
394
51
405
469
463
33
29
228
280
155
10
235
335
237
312
80
231
106
219
177
430
32
276
347
375
278
482
395
402
175
159
353
264
268
470
147
11
205
96
314
144
14
124
347
118
446
197
461
340
173
266
98
326
410
445
478
284
150
2
300
54
302
66
425
347
483
59
392
249
370
368
7
414
267
289
259
463
335
295
9
278
471
165
249
366
157
437
439
196
200
214
175
337
182
450
370
66
224
204
141
143
151
219
335
207
63
410
68
395
161
171
219
354
399
87
414
91
307
51
293
15
387
330
314
138
169
171
336
308
78
413
456
36
51
203
17
97
417
329
159
472
273
222
334
169
66
198
411
381
354
116
240
22
180
141
246
377
139
439
465
367
42
462
120
372
18
100
165
226
131
249
69
70
93
411
262
180
498
288
494
245
221
26
324
215
162
468
479
87
431
380
91
448
170
489
466
230
296
399
246
251
69
50
159
106
195
296
83
335
193
298
317
383
168
243
320
276
499
146
262
445
347
260
70
21
185
232
6
372
488
347
194
55
102
32
324
200
149
112
423
37
389
433
139
320
109
159
442
255
428
457
351
243
260
219
119
389
352
455
393
222
369
59
345
138
74
43
65
125
265
410
46
65
21
233
117
210
367
10
426
65
133
322
324
154
278
296
260
465
69
396
419
483
304
458
87
306
454
378
189
25
243
112
47
5
259
370
219
177
70
420
192
448
281
58
16
415
443
442
427
385
434
349
418
174
19
472
258
17
435
359
300
405
404
71
10
462
429
225
196
147
91
406
438
207
146
430
85
80
98
470
276
65
324
495
162
369
111
165
438
77
73
39
337
54
161
422
404
489
262
338
195
416
179
339
102
70
391
51
461
17
31
378
186
464
252
179
385
20
474
405
455
452
284
307
240
336
378
123
348
499
63
426
150
287
294
141
320
254
142
162
256
261
274
94
138
134
482
223
29
125
450
25
391
275
451
334
252
67
141
431
25
243
489
255
451
257
208
387
490
292
230
124
25
380
18
291
16
274
11
162
331
392
97
87
198
286
209
130
214
132
80
366
498
52
78
71
441
249
107
55
174
436
36
334
279
120
15
329
205
460
378
450
71
56
256
72
420
75
367
290
186
295
380
458
393
16
434
215
237
307
334
298
297
89
253
18
125
483
251
499
435
469
232
389
407
273
433
464
204
194
251
437
167
51
119
471
266
233
130
160
144
344
40
494
347
457
360
367
395
102
144
188
301
383
452
234
372
348
480
258
102
433
279
352
243
112
364
245
132
380
336
46
179
37
443
455
373
270
167
179
19
199
479
96
372
225
314
314
285
486
69
425
80
311
310
250
60
379
171
498
136
170
139
245
430
437
148
435
490
319
161
233
132
160
79
444
354
418
104
263
53
404
229
176
11
387
97
102
169
490
31
352
353
292
159
11
91
282
495
498
283
459
190
436
51
145
365
9
150
243
351
454
374
435
424
307
231
445
445
263
270
312
281
265
293
354
350
352
169
140
241
351
391
412
327
212
214
47
301
211
283
368
281
171
112
175
148
287
163
168
263
11
464
119
441
427
383
112
9
78
368
301
152
305
394
225
25
424
76
118
61
0
392
300
133
53
229
474
287
356
360
307
265
452
460
62
124
99
187
496
497
92
28
493
247
88
353
408
109
196
124
321
432
81
238
27
220
224
313
34
53
399
285
442
368
160
331
458
38
100
357
385
473
412
188
463
57
120
118
146
373
384
394
335
26
156
70
296
401
486
182
107
187
17
26
277
276
314
447
497
296
400
212
313
34
455
335
122
388
406
288
353
295
314
452
135
446
127
333
437
166
332
3
201
347
353
69
185
335
478
136
10
367
366
228
279
297
476
500
14
438
478
182
299
397
93
190
92
380
270
395
464
96
83
202
435
119
315
151
461
66
377
135
295
493
417
493
455
344
286
29
183
313
395
178
127
325
24
60
111
473
304
31
263
3
11
51
438
312
56
368
302
49
498
268
410
388
304
262
398
457
109
126
402
81
294
82
424
298
373
395
22
221
209
378
257
481
361
152
164
228
421
103
59
92
32
109
252
445
489
380
174
64
122
120
199
2
381
422
324
27
455
362
31
127
237
339
487
204
211
133
6
194
138
319
265
145
194
497
64
450
428
298
464
496
362
464
244
403
363
229
304
180
153
313
239
6
132
356
0
382
343
405
152
224
351
258
10
90
477
185
2
121
473
118
312
216
475
152
239
488
175
482
44
403
473
8
396
196
9
47
78
74
158
251
109
246
448
311
356
358
475
345
381
467
328
201
100
122
275
481
125
453
21
142
499
420
498
131
104
476
272
233
19
282
57
127
86
408
15
189
218
160
133
198
336
257
94
205
435
132
244
335
119
355
386
448
400
389
75
220
412
139
35
295
464
437
251
487
327
271
470
4
188
435
9
363
56
381
354
28
172
297
0
29
256
35
151
244
371
25
217
365
183
266
216
473
15
199
112
419
125
57
232
347
438
83
452
96
435
209
134
455
414
440
408
245
147
445
11
315
11
208
236
472
263
221
3
399
234
439
32
160
479
470
397
287
461
491
86
320
353
18
479
81
413
298
399
244
179
417
363
443
145
331
369
37
258
211
497
379
138
75
288
265
153
150
166
482
269
229
146
450
437
37
53
190
113
246
328
291
188
392
192
39
132
76
2
433
348
390
375
220
120
454
453
354
206
159
305
22
160
204
28
448
320
391
402
44
80
432
342
170
218
229
459
203
499
127
103
176
2
193
178
402
333
417
29
434
197
364
431
132
227
465
258
111
475
0
173
305
428
150
384
274
186
475
419
343
399
329
115
408
282
72
445
74
28
58
146
139
167
243
313
178
319
340
58
5
64
239
189
396
216
189
80
469
308
471
447
132
65
213
214
131
211
313
204
162
87
336
121
248
168
238
169
353
388
392
104
370
432
306
31
433
208
438
123
137
401
221
258
275
78
189
454
145
210
457
38
305
271
139
440
182
52
110
200
27
454
240
307
20
446
461
359
140
256
427
149
22
496
198
93
262
184
167
56
314
103
373
126
468
14
372
212
209
245
249
1
122
202
175
86
127
72
151
409
309
495
128
77
49
453
3
243
232
210
339
257
286
118
400
314
266
254
112
26
26
183
405
463
122
87
436
43
430
393
136
336
352
341
439
116
1
272
485
65
227
324
281
311
31
115
79
58
390
78
484
407
463
139
169
45
359
327
17
421
194
284
191
94
168
48
371
232
328
179
404
368
176
115
1
76
352
160
239
465
359
258
203
260
315
449
332
277
336
265
310
421
195
481
82
484
481
144
318
184
92
108
389
411
251
222
382
304
381
171
466
223
83
135
265
193
292
56
484
93
289
350
146
330
402
241
490
126
217
368
414
248
405
333
12
13
117
351
416
455
231
384
306
175
173
117
327
495
396
5
286
329
72
157
252
238
329
288
90
324
180
179
226
54
163
449
241
69
491
139
30
31
371
351
125
369
397
60
420
248
99
270
419
309
426
79
5
497
66
183
54
458
169
111
162
133
124
106
351
421
367
231
467
411
181
258
139
146
21
420
313
271
187
6
285
438
119
271
287
313
179
1
80
250
250
106
424
468
81
266
423
473
488
361
238
259
184
362
140
423
258
97
13
271
364
437
421
58
245
469
390
17
216
68
442
432
437
251
196
427
179
96
315
55
123
490
471
50
6
325
298
257
124
292
312
284
379
113
378
302
390
173
242
257
442
242
446
358
155
125
157
345
470
358
251
354
309
471
473
443
271
280
264
65
318
1
430
426
99
17
226
181
146
412
423
23
171
432
271
182
202
249
398
183
446
418
295
392
462
67
136
296
232
121
450
197
111
194
67
227
493
161
412
318
193
455
139
386
455
267
366
358
24
287
85
305
277
54
204
460
345
379
10
439
312
350
130
59
345
350
189
263
124
237
276
475
434
311
88
109
261
327
354
146
409
74
272
494
180
423
200
101
123
131
300
386
366
439
472
428
117
189
163
63
174
321
153
491
50
152
461
366
191
271
21
340
458
10
291
304
424
471
95
46
373
185
404
241
95
116
443
32
54
142
222
431
77
419
185
275
102
411
82
320
206
103
311
183
30
46
255
65
482
73
131
380
277
168
462
309
86
370
254
128
222
169
229
245
446
453
116
469
201
260
162
460
106
6
153
13
71
248
405
490
38
44
193
281
56
414
306
284
475
14
268
329
201
105
198
204
473
442
59
392
135
376
320
103
84
198
157
16
401
89
375
423
9
370
90
196
60
54
100
288
27
132
76
247
270
492
427
364
490
267
48
299
449
257
133
457
399
487
180
421
380
444
149
217
337
119
133
91
328
111
286
156
415
107
101
88
387
283
303
247
132
164
17
447
451
98
242
438
186
151
34
31
148
273
427
476
434
250
220
27
433
44
398
404
244
345
83
82
3
208
126
318
361
54
84
195
148
256
431
130
55
149
462
112
336
26
400
313
77
137
491
222
499
51
265
316
36
176
381
248
190
59
166
382
133
404
247
260
61
496
169
334
6
269
44
316
164
113
15
87
76
196
183
152
127
63
475
222
232
301
205
364
390
178
377
59
429
247
56
311
372
482
65
9
478
122
462
369
377
226
59
409
46
173
318
154
34
164
94
7
409
246
228
320
114
306
411
425
412
377
246
161
188
215
22
446
494
166
351
489
94
297
176
291
84
379
60
102
421
226
37
22
155
270
403
161
80
495
16
210
35
289
42
135
345
15
234
114
108
363
283
227
17
407
45
255
1
360
251
161
16
236
26
25
319
125
210
292
29
260
210
60
68
241
136
122
431
263
165
293
125
93
134
275
203
297
172
351
144
78
383
243
383
90
23
199
202
233
60
184
444
229
169
27
201
91
303
59
276
390
213
289
68
36
172
209
456
446
303
413
24
460
477
151
27
203
472
94
380
277
442
131
451
406
377
23
299
213
395
453
60
97
325
352
180
355
332
101
199
357
339
38
111
491
490
87
272
324
429
274
256
55
335
12
275
143
323
211
442
142
69
494
52
400
153
134
299
83
420
143
309
371
442
298
265
281
380
143
314
380
491
227
239
448
193
267
389
494
338
258
491
51
309
90
427
121
38
346
371
287
201
259
286
76
345
66
105
98
409
432
274
99
363
440
224
68
11
6
145
289
129
369
436
351
283
425
52
464
3
338
231
197
362
79
368
239
413
271
254
135
456
415
487
125
457
274
281
430
203
322
5
193
409
62
467
23
459
201
229
428
268
240
32
31
316
381
291
1
304
45
377
307
84
314
99
290
275
74
85
500
136
8
331
246
41
438
462
272
289
215
125
47
288
353
410
125
386
195
63
221
260
200
211
170
296
161
486
86
383
304
146
133
376
166
316
322
450
286
116
312
154
355
108
286
241
444
395
162
496
294
313
109
15
423
351
251
184
40
323
13
459
37
485
491
432
267
281
255
6
496
179
274
169
369
271
374
200
432
53
132
252
50
192
340
149
262
197
173
457
228
159
258
339
395
253
486
120
314
85
35
35
32
360
284
52
455
221
368
139
179
269
457
340
436
428
251
141
483
32
425
206
182
284
158
199
442
149
358
248
389
11
270
161
194
52
145
468
345
351
69
263
302
387
470
19
89
103
256
48
46
356
26
468
383
324
229
419
468
145
120
114
171
486
96
72
306
109
173
231
426
207
381
141
336
267
335
344
324
474
5
205
237
52
267
478
189
332
175
389
245
256
94
271
477
282
42
0
347
344
416
204
41
466
150
39
32
373
37
498
241
234
190
125
39
380
230
5
124
321
210
257
234
341
152
476
469
136
55
313
381
232
469
187
63
72
447
486
91
221
121
423
108
412
102
116
285
479
103
377
201
323
139
243
29
113
242
176
341
456
9
355
330
321
310
398
432
495
156
463
198
296
125
414
235
238
28
278
165
237
243
465
176
453
200
26
229
254
457
123
416
390
226
217
30
155
466
482
14
354
28
184
112
498
396
104
120
201
39
18
436
487
128
479
399
111
149
97
404
83
156
406
203
54
194
465
307
34
439
217
354
340
213
347
77
17
347
356
453
485
174
261
235
97
50
231
9
254
355
285
428
132
323
389
371
345
309
255
70
410
404
152
407
231
295
285
222
198
466
54
260
60
308
161
415
261
130
0
481
379
307
281
189
332
202
233
313
338
271
157
332
181
468
336
94
121
340
169
63
192
128
138
329
341
468
157
431
408
360
200
150
367
59
104
360
172
442
75
460
337
402
408
45
32
463
32
385
339
380
422
10
105
320
441
353
167
361
196
420
310
191
442
220
327
294
352
22
394
375
66
136
334
219
237
266
405
416
226
333
8
471
219
101
22
469
196
63
97
162
257
319
199
454
210
288
198
283
178
443
303
363
133
162
50
482
52
201
339
368
400
350
445
294
22
47
101
479
264
412
418
427
246
37
125
418
132
448
83
460
166
333
386
234
74
160
36
360
92
387
170
0
258
100
122
324
223
327
272
399
3
428
370
381
378
42
339
153
134
25
383
464
435
126
14
196
381
214
102
67
357
86
208
329
231
284
44
375
17
245
64
389
323
268
479
99
461
411
168
35
247
308
238
102
334
299
117
315
45
24
326
388
232
283
9
407
336
222
490
361
420
244
446
238
83
407
415
162
39
478
294
198
248
356
311
98
34
208
40
459
323
478
381
188
262
399
221
4
278
115
177
412
418
168
277
32
423
126
56
74
398
279
408
415
308
215
401
31
192
435
32
182
195
326
207
197
463
214
325
357
196
253
78
308
265
226
3
192
418
180
131
292
207
152
467
246
199
135
494
43
283
134
455
54
231
162
499
91
10
482
442
63
13
417
85
464
96
381
448
497
300
227
237
77
471
192
206
246
174
378
146
62
258
105
11
313
87
418
319
388
341
150
183
406
55
39
374
47
467
485
194
273
0
459
464
354
118
217
45
487
12
301
137
242
38
249
145
418
61
145
225
383
237
442
121
443
20
322
216
421
214
13
197
284
289
484
115
239
467
49
496
92
440
196
333
285
438
237
311
275
223
121
171
72
169
181
461
431
156
247
129
247
207
357
101
261
327
450
102
357
233
430
184
420
153
370
73
433
458
442
439
453
267
430
195
11
84
125
410
324
365
0
451
471
472
324
158
488
293
421
475
412
106
43
196
292
249
112
222
220
109
170
129
417
265
183
112
123
266
124
238
345
289
16
61
492
191
451
168
97
20
49
154
54
275
386
98
48
227
382
116
216
186
44
91
277
388
230
102
435
188
299
483
454
423
7
155
386
61
96
271
272
84
273
86
113
241
289
284
135
488
238
435
100
333
359
25
220
2
471
283
200
413
464
304
222
154
146
132
189
324
197
332
61
234
141
193
320
169
417
80
334
79
112
417
207
192
45
438
402
285
40
448
346
168
486
33
60
288
462
128
334
240
148
163
22
99
400
110
25
54
221
408
95
117
322
351
367
152
408
170
12
182
292
445
95
144
471
340
491
15
153
472
170
8
386
161
369
152
159
143
299
43
232
167
107
196
90
482
7
232
262
424
245
138
10
366
10
350
45
193
9
161
485
47
398
23
228
447
60
264
293
31
360
371
405
285
396
440
372
84
308
335
171
499
373
332
285
340
317
63
136
145
304
249
23
92
271
130
233
120
258
357
411
84
67
16
436
16
124
342
407
214
129
296
81
20
456
41
284
435
163
249
296
491
398
229
32
46
10
328
82
181
12
78
77
408
471
249
217
101
295
199
288
452
10
391
92
482
221
148
358
218
86
179
105
270
248
56
432
406
48
195
94
46
330
374
262
147
138
80
222
353
439
123
301
91
493
480
350
141
362
106
179
407
120
282
5
175
468
82
476
486
111
123
238
290
356
127
385
325
177
423
332
447
276
49
159
36
225
308
361
200
218
362
171
291
293
215
396
477
214
405
149
133
313
500
104
320
12
170
72
331
14
369
425
15
266
183
131
86
328
47
351
401
220
226
229
175
109
203
118
429
47
153
75
278
160
232
303
402
77
471
190
388
456
38
462
252
20
368
279
243
198
471
417
296
470
285
216
75
123
372
403
374
463
221
357
295
38
447
200
300
361
13
491
417
130
109
97
423
484
203
480
274
31
475
25
168
352
476
241
366
276
1
483
153
185
83
408
3
178
100
298
467
192
302
340
149
238
9
355
344
132
269
271
487
347
132
407
230
9
200
166
372
73
383
121
240
393
143
64
487
457
471
316
1
62
453
327
74
327
123
451
199
331
374
204
42
259
123
250
399
148
214
321
261
231
326
305
399
456
378
31
312
472
51
438
234
339
461
54
293
228
452
198
342
195
119
109
289
451
312
130
401
334
75
290
423
222
100
291
223
277
187
440
411
380
294
24
163
427
24
52
414
171
280
466
330
449
377
420
120
137
232
97
308
456
320
442
302
228
377
280
317
461
347
292
50
194
391
69
369
432
184
90
442
68
349
464
212
397
112
115
89
62
234
391
139
381
429
365
474
291
441
291
377
378
283
70
47
439
383
369
116
334
265
454
440
179
254
318
251
302
95
114
161
495
471
73
60
435
21
372
40
329
161
85
289
343
205
55
287
411
456
348
76
90
104
103
146
386
250
104
258
258
148
121
16
5
213
56
323
295
369
497
61
285
135
447
87
130
438
454
370
337
39
230
120
196
206
103
284
283
223
473
92
418
290
423
291
206
317
53
80
9
339
384
95
240
306
73
168
321
344
307
62
2
321
171
164
438
305
461
259
46
270
346
396
101
170
231
204
313
40
263
431
307
37
25
446
57
458
322
465
76
387
12
372
239
238
193
207
323
415
78
455
344
106
62
236
283
253
137
178
103
413
286
442
145
43
97
221
295
154
361
397
19
421
425
125
302
363
175
347
247
102
202
324
214
191
476
93
40
443
242
169
273
422
240
164
263
213
125
239
399
222
464
34
37
382
341
181
284
149
135
499
25
253
491
283
462
305
143
74
252
96
430
208
25
67
294
466
10
407
76
58
95
292
129
363
351
208
66
467
489
151
310
88
324
282
265
219
72
107
401
164
298
416
345
365
319
389
191
292
251
150
353
358
169
259
115
350
3
385
448
138
439
54
421
62
1
125
64
439
349
226
290
85
303
343
126
307
129
463
145
107
296
142
238
495
470
453
176
466
400
373
440
209
210
317
145
237
109
230
283
273
69
334
19
226
457
468
278
207
308
121
486
293
250
432
21
201
427
5
53
455
336
247
227
153
63
250
34
482
439
284
242
233
112
185
227
396
93
281
384
184
7
231
32
360
69
98
346
192
80
271
407
80
224
202
76
68
432
52
178
270
480
179
183
238
278
2
295
26
61
189
368
215
499
390
280
364
243
223
267
132
45
411
365
160
353
156
371
437
276
134
195
82
455
389
76
330
419
337
144
1
146
381
151
169
498
29
291
476
43
257
438
339
450
185
272
175
94
421
274
136
389
161
226
414
436
121
13
425
255
411
22
378
152
171
8
101
311
178
79
107
180
341
392
211
441
124
328
102
175
247
279
122
192
390
108
16
272
11
117
259
411
450
181
469
0
101
285
214
181
343
466
68
296
94
162
89
44
12
63
255
445
310
106
10
37
125
405
470
374
165
394
366
55
218
34
50
460
309
36
468
367
358
147
130
262
413
315
461
339
251
170
242
274
214
322
251
56
324
315
0
230
203
97
484
450
198
407
319
246
112
99
437
45
331
0
471
210
290
399
384
427
178
55
138
132
331
491
108
109
96
150
453
81
39
385
218
494
38
214
314
232
389
233
295
253
182
396
13
308
233
199
418
375
493
243
159
398
493
463
48
419
132
256
173
14
128
128
111
311
145
307
176
36
27
118
85
450
99
485
37
73
101
428
172
128
127
370
286
173
50
388
31
384
453
171
318
30
150
384
461
217
3
451
494
479
379
395
252
429
339
66
387
376
349
335
193
341
356
52
217
177
333
139
452
346
338
224
272
183
163
184
199
81
315
492
114
352
157
372
181
369
158
389
219
111
315
444
97
30
126
429
382
115
333
63
438
86
53
65
450
51
182
467
439
8
192
101
205
353
143
189
27
306
476
443
480
100
177
263
500
233
342
37
28
315
70
23
128
190
497
26
32
438
274
32
341
409
212
337
216
86
104
330
339
6
77
88
77
367
455
297
15
233
102
122
310
263
40
449
430
176
266
23
341
375
413
154
261
427
73
147
173
118
309
331
64
87
171
120
230
109
126
242
464
113
248
199
36
35
245
161
344
43
427
287
296
466
175
56
361
62
88
337
427
32
225
256
226
239
79
128
454
56
143
378
189
195
479
91
67
187
100
41
245
191
181
290
406
283
432
272
262
213
390
497
251
257
309
275
251
220
5
439
26
251
385
236
397
319
487
453
204
434
483
377
106
118
339
300
163
377
155
381
444
136
448
264
257
448
12
20
98
188
159
277
494
115
416
271
22
212
494
31
115
86
160
220
99
6
221
422
239
341
30
65
173
405
94
272
118
227
13
410
285
24
339
64
49
289
225
229
448
289
283
54
208
11
42
397
317
220
155
432
337
260
27
76
23
313
447
494
206
475
79
371
364
388
239
317
271
52
206
131
392
417
371
284
329
161
270
430
29
473
46
145
222
484
109
153
191
20
260
421
400
82
438
366
439
195
323
172
52
271
222
231
383
204
235
165
372
417
75
240
112
268
355
176
196
413
48
109
406
224
93
285
376
77
244
120
87
390
337
197
338
36
190
110
467
215
127
245
237
297
278
253
233
283
168
117
302
50
444
270
11
439
44
56
368
5
186
2
434
354
414
357
415
101
135
97
411
376
284
18
238
370
212
6
468
298
475
245
452
328
475
203
402
85
57
337
0
87
318
310
215
464
358
26
130
345
394
11
315
17
23
414
246
392
143
358
87
376
135
134
211
147
493
213
277
482
171
279
83
147
322
46
0
96
481
337
166
184
264
421
249
282
500
20
209
62
453
66
235
207
157
96
8
28
36
197
215
429
313
16
335
270
251
166
273
276
82
240
61
314
9
125
163
49
15
225
460
213
454
131
404
14
319
87
483
195
170
97
478
299
471
393
484
184
6
47
264
383
113
211
9
212
363
447
466
460
189
215
158
379
144
50
499
173
304
384
313
346
294
306
250
203
170
346
101
141
242
346
464
359
295
176
464
427
235
362
432
311
500
143
223
456
464
103
354
446
57
217
473
82
171
439
141
213
449
485
469
418
196
471
306
20
25
146
6
336
18
465
105
490
38
43
107
330
264
120
215
128
91
190
212
123
71
42
102
85
113
77
333
459
1
25
494
70
448
177
176
373
27
285
495
444
184
354
72
46
84
59
281
109
179
12
325
297
383
69
279
150
485
189
120
451
57
40
170
119
5
429
227
427
401
496
345
238
403
304
399
91
48
485
364
162
237
109
496
354
361
45
401
410
58
490
320
21
332
232
280
333
500
429
145
253
395
391
81
206
94
118
490
483
424
219
183
166
56
91
459
447
121
345
428
373
499
157
20
102
52
81
295
446
329
114
424
91
119
277
7
447
498
173
259
448
130
152
312
230
230
272
93
491
251
293
18
406
110
242
347
264
385
35
201
362
92
217
98
299
499
38
181
209
14
221
378
316
389
198
369
185
128
391
177
322
354
207
17
36
31
29
141
112
428
274
412
332
415
474
183
222
7
17
456
107
442
424
434
439
234
473
309
28
494
164
354
371
276
299
205
383
119
118
37
92
288
336
350
490
138
134
252
19
484
117
51
386
15
145
372
45
396
467
497
270
39
176
425
284
135
351
231
234
52
206
258
421
260
113
73
368
456
336
499
302
431
328
186
272
105
62
318
214
91
322
401
266
456
23
170
174
170
459
406
98
39
274
307
32
497
443
150
414
391
487
88
169
304
6
374
420
68
452
6
6
441
474
392
451
234
387
371
243
45
418
30
138
283
499
124
26
197
5
58
1
475
342
453
438
59
313
257
459
48
364
15
130
485
76
450
109
252
62
131
469
309
307
195
213
385
36
101
128
348
395
95
131
8
446
360
420
224
100
438
294
472
206
193
337
416
264
318
91
422
330
217
229
419
318
282
344
112
340
230
472
58
352
3
119
151
411
95
459
465
430
432
29
92
365
258
349
312
307
31
149
236
386
239
231
240
65
152
131
173
134
437
293
332
271
311
320
174
230
381
228
367
128
157
176
352
178
237
160
253
468
224
173
329
250
438
134
467
53
417
103
461
63
111
472
358
214
222
42
328
43
177
370
219
358
349
129
132
379
451
413
437
5
128
45
83
70
419
313
172
167
169
306
271
323
451
345
205
260
392
25
125
313
98
51
100
329
396
292
305
37
419
223
493
450
311
262
120
29
446
1
262
327
321
324
172
282
361
145
357
243
320
258
124
84
335
15
454
9
54
481
246
491
138
64
262
278
156
387
374
385
70
375
235
334
307
457
391
237
98
111
139
358
201
246
84
486
322
193
394
10
452
403
208
382
311
323
446
354
210
243
52
293
251
189
145
176
490
247
161
260
453
87
394
301
48
81
67
303
388
50
281
39
21
221
59
184
158
297
469
378
442
427
394
462
268
153
122
204
30
493
204
184
342
70
155
341
266
75
182
20
171
243
441
241
24
350
475
497
360
10
210
493
157
314
188
303
474
229
336
83
402
451
205
345
256
129
64
475
188
474
260
391
111
47
346
47
252
163
343
44
81
128
253
287
26
174
12
460
363
313
89
473
303
241
494
409
99
171
399
121
93
188
409
273
23
309
32
234
415
404
23
348
307
497
149
168
426
141
386
230
475
332
317
375
284
96
472
380
92
39
64
250
407
427
215
417
124
373
111
293
199
483
221
55
250
297
54
141
67
330
472
469
14
483
190
251
489
378
43
103
305
214
144
442
386
137
382
135
284
425
180
242
361
134
205
241
144
457
216
476
472
386
20
266
475
47
264
495
373
183
207
383
47
142
69
344
79
151
236
327
147
35
61
118
192
391
25
497
302
402
164
256
229
227
408
207
341
451
121
40
392
240
433
25
279
180
42
297
200
425
395
1
213
352
376
381
404
370
392
329
283
204
438
252
402
241
473
476
369
24
436
286
469
335
494
229
59
135
329
265
208
266
300
131
193
328
410
216
36
209
131
440
293
104
25
450
240
396
403
366
380
223
470
460
262
412
485
9
197
233
3
286
406
56
153
331
339
421
252
459
479
480
167
42
246
292
259
203
102
360
14
115
72
128
310
348
165
323
489
335
183
217
336
349
269
435
412
472
345
200
237
448
436
142
210
176
264
351
266
59
151
339
425
251
80
446
399
354
487
228
246
365
45
273
289
82
111
349
205
243
220
322
419
310
130
399
39
138
184
279
128
106
395
97
295
290
40
221
152
447
25
444
440
5
499
48
425
473
28
258
458
308
407
218
192
251
410
208
259
392
322
305
374
297
376
273
161
84
188
500
263
385
219
75
111
217
391
253
290
51
407
44
33
438
318
235
99
376
163
150
46
0
94
5
448
337
111
68
273
231
218
49
144
117
475
174
103
257
50
167
110
113
450
372
219
470
2
212
212
234
245
67
142
180
81
398
365
203
312
162
477
307
228
16
65
141
405
168
214
438
410
141
414
115
268
390
401
408
79
237
190
191
118
92
241
347
37
295
28
392
49
187
127
79
205
256
354
273
153
13
314
96
286
443
283
246
368
369
359
248
7
79
73
221
125
303
29
351
402
482
78
279
240
58
25
123
482
114
32
124
441
214
49
137
244
72
414
377
496
79
489
36
433
324
153
417
6
182
239
260
173
222
10
93
141
328
139
283
476
2
209
314
250
81
304
85
213
208
84
132
226
443
35
393
343
140
337
93
385
483
112
494
472
140
310
291
151
269
265
353
17
454
121
27
102
414
218
497
498
308
483
273
194
103
116
52
219
192
39
284
399
103
375
247
275
39
142
297
294
297
21
111
86
57
384
365
108
42
466
288
333
87
125
416
218
4
474
88
477
351
422
160
72
16
480
229
76
289
390
97
147
47
246
334
258
157
20
313
95
228
68
436
126
95
169
493
188
421
361
461
27
444
164
252
492
77
120
279
116
177
362
317
305
61
285
282
252
34
483
273
307
107
312
325
307
442
362
246
232
246
42
454
302
252
54
253
309
226
90
126
335
444
449
45
22
419
53
144
310
181
180
372
369
25
107
182
377
297
386
260
102
296
253
496
19
174
278
49
409
376
34
123
442
62
145
130
457
278
274
167
258
38
155
307
488
176
291
4
403
202
389
163
174
499
372
220
256
139
146
470
369
289
371
62
375
471
107
327
409
363
374
451
435
356
212
43
122
135
423
353
91
189
39
405
16
384
303
266
357
122
199
498
227
103
337
63
135
163
72
120
48
341
319
109
168
463
25
34
338
361
41
485
334
403
372
62
24
98
298
499
431
304
430
248
187
70
114
76
121
440
327
365
320
450
170
368
1
500
358
399
389
497
77
290
219
90
348
356
27
182
468
129
491
479
315
87
284
255
262
354
156
228
246
268
108
401
404
146
411
420
458
239
321
23
74
479
370
407
459
248
4
435
479
235
105
154
151
51
202
9
353
232
435
191
35
16
20
462
500
89
308
346
166
292
383
56
173
447
382
359
317
369
483
259
216
445
157
245
177
315
60
80
490
49
466
263
184
225
101
80
39
436
368
431
273
493
166
41
322
214
49
259
99
424
166
317
217
264
0
456
403
346
98
309
469
84
68
196
26
158
318
7
295
78
162
309
396
453
150
10
252
337
317
203
361
327
250
67
302
64
98
369
65
77
429
302
112
311
243
258
486
64
281
275
82
172
1
350
365
158
245
353
395
54
386
123
450
250
420
257
143
97
453
114
386
213
415
418
20
213
168
319
38
392
86
190
135
488
494
411
141
137
64
338
114
390
378
161
71
496
182
473
370
370
231
425
54
398
132
108
35
146
195
47
227
242
359
76
200
227
478
55
219
130
374
237
418
418
392
120
432
470
227
204
160
261
365
143
396
291
227
448
417
485
389
436
62
439
190
406
322
404
482
108
173
336
356
312
409
113
395
40
27
193
51
26
44
177
300
491
495
281
323
332
202
495
370
363
14
126
248
121
291
6
403
83
175
321
79
167
207
9
12
150
24
276
287
362
128
385
180
25
164
277
122
42
83
173
22
103
73
481
12
365
348
359
17
76
84
400
301
351
272
428
403
478
63
182
398
446
172
279
23
222
150
137
116
116
399
126
353
172
141
64
328
447
429
256
252
30
124
228
82
420
212
211
488
388
268
427
8
94
455
380
369
178
498
386
98
163
237
15
314
434
455
171
472
273
40
175
147
349
159
13
106
288
266
471
226
396
148
222
74
295
60
248
166
354
306
56
73
41
20
362
33
482
149
451
248
353
192
269
104
355
113
317
259
415
123
147
370
411
443
203
201
286
94
476
337
413
428
378
298
70
282
459
272
120
451
389
424
130
370
260
190
156
52
171
158
194
313
162
301
17
159
481
408
241
428
84
492
1
50
106
65
498
484
101
387
137
330
65
107
305
318
209
155
161
386
32
71
331
369
413
279
93
0
496
433
463
2
429
434
474
245
497
26
393
208
108
353
472
46
29
309
256
430
341
16
139
324
359
221
473
32
123
484
276
418
321
231
203
92
147
467
272
204
457
17
214
136
75
212
23
232
496
164
459
252
51
157
457
189
137
355
70
321
452
457
296
62
111
406
221
328
67
125
143
278
329
242
185
195
214
431
273
364
338
9
374
108
240
368
154
282
142
189
2
233
122
260
424
233
127
102
255
325
82
236
165
270
7
199
165
193
486
122
33
307
324
337
380
473
162
6
392
448
144
122
4
359
376
193
242
198
319
360
219
1
377
83
164
269
218
227
245
185
242
96
199
164
438
236
425
98
215
124
162
405
121
350
434
108
327
221
445
371
202
234
289
397
182
251
68
372
498
330
141
138
0
439
437
346
19
243
269
306
406
311
182
54
81
256
2
459
466
164
368
460
447
141
367
54
104
440
21
152
280
361
41
185
55
291
33
124
56
127
24
317
309
500
295
65
310
258
98
442
175
26
72
74
110
3
54
390
257
138
190
124
350
182
342
222
140
155
454
184
431
113
5
382
18
209
104
284
374
216
42
316
264
23
431
368
471
162
175
356
14
229
382
393
315
16
377
183
56
8
131
332
382
459
395
84
275
452
267
35
108
282
367
258
99
366
217
465
128
416
221
305
37
214
353
63
57
336
226
130
107
155
148
32
277
157
414
290
374
483
71
273
411
135
56
47
411
373
143
320
280
287
105
121
211
273
496
352
95
314
145
292
374
148
197
284
292
451
43
330
372
248
236
259
346
407
74
427
500
223
316
362
126
9
268
146
107
175
75
445
328
441
206
96
70
331
5
84
384
373
71
303
98
346
361
4
420
325
310
246
2
361
463
123
102
394
37
329
356
167
224
161
215
17
473
413
138
294
161
314
400
381
278
35
165
275
390
165
438
269
339
60
392
412
88
88
9
382
192
96
131
137
162
443
322
254
311
342
168
382
375
174
441
123
131
417
438
243
240
49
146
384
471
146
338
79
74
397
74
338
122
442
222
173
289
186
485
317
453
231
234
201
26
269
458
149
110
440
2
379
486
70
393
70
354
204
476
62
250
58
245
194
452
277
310
54
209
95
34
365
170
243
429
22
253
93
499
416
251
266
250
22
386
403
191
296
200
453
45
425
104
376
84
460
382
483
195
161
22
445
78
208
71
160
187
132
270
294
362
371
83
343
417
121
9
81
371
396
344
12
31
173
118
479
86
225
421
108
44
150
156
479
337
359
41
98
325
453
114
144
46
146
357
284
317
462
7
302
327
430
190
321
82
73
274
175
276
8
68
298
470
105
17
202
171
434
257
353
136
235
419
34
74
387
89
280
314
11
300
202
202
10
480
437
347
376
34
303
165
122
389
72
111
381
216
27
200
85
429
224
104
108
128
296
498
11
434
48
405
34
17
237
262
280
10
2
198
325
190
41
241
69
145
141
385
457
447
487
54
316
158
236
379
477
54
312
331
38
464
3
21
89
412
288
139
138
60
288
397
471
147
186
410
291
383
41
198
159
384
411
423
344
351
163
293
136
140
306
411
291
14
312
182
306
447
467
347
246
35
433
243
39
18
476
212
210
406
214
338
209
402
463
153
354
109
223
273
275
394
383
379
392
67
430
312
271
43
467
17
335
199
370
313
325
51
375
382
382
169
216
226
336
90
369
332
35
373
473
227
251
371
194
351
261
235
304
33
64
22
207
174
334
2
184
473
220
288
254
185
275
265
243
178
204
465
305
218
226
71
492
319
265
205
35
168
296
62
379
499
59
366
21
348
388
91
185
211
173
462
453
500
162
499
482
71
487
257
395
412
51
493
267
127
425
404
277
392
287
495
270
415
311
220
424
314
183
246
230
377
296
105
497
327
333
358
256
238
84
421
466
412
242
26
291
403
170
369
9
300
29
285
95
447
170
496
