0.045263
0.051694
0.075055
0.099084
0.137883
0.162277
0.202454
0.240808
0.286933
0.336320
0.390377
0.445547
0.510538
0.572521
0.644581
0.715573
0.792660
0.876087
0.961179
1.049361
1.142661
1.239649
1.341467
1.445241
1.554815
1.670968
1.788629
1.908105
2.032767
2.162506
2.291515
2.430954
2.575645
2.717854
2.864969
3.018864
3.175802
3.339547
3.498653
3.667369
3.847209
4.015966
4.198845
4.386751
4.572556
4.762487
4.960058
5.154627
5.360970
5.575933
5.790657
5.998140
6.220214
6.440777
6.673616
6.904189
7.142810
7.376613
7.622504
7.870608
8.127159
8.397232
8.651075
8.906538
9.180390
9.447267
9.719500
9.995897
10.276470
10.579480
10.857017
11.153882
11.454099
11.772971
12.062729
12.384729
12.702839
13.023159
13.351116
13.666900
13.989005
14.337645
14.682920
15.016712
15.374226
15.727885
16.062637
16.410276
16.801243
17.190052
17.542366
17.907940
18.293118
18.683174
19.075468
19.433880
19.850050
