0.463001
0.488857
0.521688
0.554618
0.577573
0.610255
0.639930
0.669925
1.723347
0.709917
1.800703
0.739111
0.006417
0.007971
0.011365
0.017268
0.019881
0.029894
0.029916
0.035553
0.808444
0.041169
0.052178
0.057060
1.933760
0.067362
0.074123
0.084933
0.097961
0.108607
0.117703
2.011742
0.127327
0.143672
0.153365
0.168542
0.181611
0.197665
0.213642
0.226743
0.245120
2.155009
0.259238
0.280907
0.295315
0.313206
0.333608
0.353643
1.119546
0.375619
0.397164
2.389181
0.419567
0.440677
1.211496
0.464131
1.251440
0.485990
0.508783
0.532544
0.561452
2.629353
1.337648
0.583253
0.608910
1.386042
2.716153
0.637685
0.666280
1.433304
2.800569
0.693375
1.484985
0.720870
2.893317
0.748382
1.533075
0.779562
2.973889
1.580167
0.808774
0.841507
1.630274
3.079140
0.871041
1.687326
0.905688
3.168369
1.733248
0.935500
3.250837
0.969662
1.789135
1.002641
1.840894
3.342515
1.038359
1.071249
1.897115
3.445451
1.108677
1.953973
1.144536
3.534985
2.005389
1.179514
3.636999
2.061016
1.217422
3.727192
1.262551
2.119805
1.296218
2.189759
3.828555
1.332917
2.236847
3.935720
1.372901
2.299617
1.413354
4.034115
2.356577
1.452728
4.134810
1.493151
2.423001
4.243233
1.535244
2.486824
1.577881
2.552360
4.345953
1.621912
2.614954
4.467686
1.664625
2.684211
1.706674
4.573133
2.746280
1.753232
4.679868
2.812165
1.797388
4.788038
1.846030
2.880155
1.891201
4.899627
2.943293
1.938613
5.016963
3.015725
1.988096
3.083368
2.034555
5.131055
3.158711
2.083407
5.253708
2.133481
3.226284
5.372890
2.184161
3.294209
5.486549
2.234449
3.369555
5.612663
2.281663
3.439658
2.334352
5.726884
3.516805
2.387202
3.598816
5.849300
2.441010
3.669606
2.493454
5.989177
3.755643
2.546180
6.130310
3.822645
2.599077
6.233893
2.669287
3.895922
6.360070
2.712466
3.980589
6.489384
2.769640
2.830799
6.625179
2.885954
