0.053711
0.086769
0.126110
0.166052
0.216949
0.275977
0.342187
0.411723
0.485238
0.570952
0.658658
0.755609
0.860454
0.966920
1.083955
1.210156
1.338008
1.475519
1.618433
1.768805
1.927915
2.090208
2.260177
2.437930
2.622391
2.812338
3.011605
3.213869
3.424012
3.640489
3.865640
4.097480
4.333261
4.577622
4.827596
5.086111
5.349118
5.620116
5.897906
6.185806
6.474202
6.773237
7.077716
7.388498
7.708768
8.033054
8.364159
8.703135
9.046810
9.399840
9.757664
10.123510
10.499706
10.872943
11.260391
11.651276
12.051115
12.455892
12.869357
13.289322
13.713650
14.145751
14.582289
15.030561
15.480941
15.947952
16.407804
16.881273
17.356903
17.844236
18.339451
18.845991
19.347076
19.856476
20.378515
20.901440
21.437576
21.974222
22.521873
23.079205
23.636120
24.207516
24.774662
25.361216
25.947001
26.535696
27.132612
27.739767
28.362543
28.973116
29.606495
30.235083
30.879128
31.521357
32.187172
32.837200
33.503487
34.178539
34.860519
35.543221
36.237198
36.937721
37.662800
38.361969
39.089752
39.810673
40.547161
41.285225
42.033768
42.785648
43.554401
44.336323
45.094685
45.878292
46.662922
47.457119
48.253944
49.063988
49.890511
50.700256
51.537952
52.362480
53.207073
54.050293
54.908009
55.765171
56.637600
57.514351
58.395393
59.286491
60.192024
61.077507
62.003193
62.908665
63.824299
64.760643
65.711044
66.634499
67.593285
68.540909
69.502083
70.486046
71.445702
72.431274
73.413895
74.423607
75.420692
76.425064
77.438438
78.465034
79.491371
80.552017
81.585663
82.628517
83.692421
84.752472
85.814346
86.888718
88.004547
89.073151
90.163734
91.284065
92.383362
93.501572
94.624870
95.749954
96.877090
98.057571
99.180901
100.329185
101.502548
102.660194
103.847198
105.028229
106.219650
107.419617
108.660065
109.859314
111.059715
112.285454
113.510468
114.736656
115.985535
117.231300
118.507851
119.774063
121.033150
122.312363
123.584633
124.874161
126.204422
127.482178
128.797562
130.130356
131.432373
132.772522
140.169159
141.591232
142.996490
144.401886
145.908066
140.890900
142.303802
143.690750
145.094742
146.451721
147.851379
149.276169
150.702118
152.123154
153.540604
155.007660
156.455124
157.874191
159.372986
160.817123
162.291519
163.784409
165.303986
166.765564
168.264130
169.805634
171.256302
172.822769
174.301529
175.857330
177.379715
178.910645
180.482300
182.014648
183.587418
185.182388
186.816147
188.343216
189.942047
191.563065
193.130951
203.538971
205.247910
207.034439
208.669769
210.429062
202.923859
204.559311
206.275635
207.913223
209.581070
211.247620
212.949661
214.626556
216.346436
218.030075
