0.410525
0.429121
0.012975
0.020318
0.041463
0.034736
0.040059
0.044916
0.100689
0.037314
0.066570
1.344163
2.005949
0.505335
3.730562
0.516111
4.095023
0.544795
3.654901
0.567255
5.371561
0.588979
3.653133
0.617282
5.063114
0.683429
6.235754
0.733427
6.981465
0.753031
7.207057
0.788388
0.802839
10.042835
0.786705
0.831435
11.088360
0.833740
0.914054
12.405945
0.957058
9.571211
0.984934
12.380993
1.005184
1.006944
11.111220
1.049045
10.572449
1.071287
1.132626
11.841997
1.163956
11.400225
1.181528
1.250141
16.469027
1.229755
1.256055
11.892881
1.328863
1.359132
16.566046
1.367049
16.880411
1.565603
16.312143
1.597523
1.648818
17.434889
1.663780
1.609639
20.046112
1.741055
15.965327
1.847187
17.692610
1.869933
1.889140
21.170155
1.982336
2.026880
22.428892
2.085140
19.958351
2.110455
20.833994
2.159746
2.255767
21.645384
2.287901
21.373440
2.286666
2.263464
23.390226
2.345540
2.387634
26.735147
2.397113
21.105312
2.488884
2.488380
24.114885
2.532891
2.650400
25.538544
2.640708
25.615467
2.805702
2.661214
29.980415
2.863169
2.834076
27.692898
2.864752
28.829582
2.966297
3.061188
30.159763
3.079457
3.024048
29.473455
3.074094
29.544456
3.313639
3.272156
30.353621
3.233881
30.057440
3.408082
3.559764
32.674377
3.571635
3.626019
31.786207
3.538319
32.316261
3.757547
3.805455
34.415516
3.830266
30.717009
3.949212
3.998141
34.129330
4.027041
36.477142
4.092042
4.291049
35.066128
4.230278
35.019318
4.254910
4.349333
38.050007
4.419516
4.487795
36.541122
4.445876
37.086895
4.414297
4.437917
39.256065
4.590793
39.176781
4.836179
4.722499
38.733959
4.895093
37.575016
4.720924
38.924343
4.760783
4.855684
39.476139
4.784334
39.745216
4.874055
5.186489
41.997589
5.415346
39.935089
5.154747
39.161579
5.365097
43.494831
5.653739
5.543485
43.297680
5.528825
40.006523
5.211236
5.649785
44.958920
5.728994
44.382710
5.630341
48.196640
5.472218
5.521587
47.627396
5.881918
45.093761
5.805677
47.259735
5.865643
6.029961
42.594532
6.417893
49.413078
6.182045
6.037915
47.298054
6.440430
46.017532
6.372950
47.244568
6.353407
46.465710
6.703459
6.826748
48.492596
6.781629
50.702778
7.012402
47.934319
7.192912
7.136143
53.771080
7.224459
52.272385
7.099567
53.766258
7.210341
7.193429
54.131687
7.634162
55.672890
7.362871
56.747456
7.345740
7.541179
52.775829
7.760854
60.080437
7.859096
54.935535
7.982350
8.026553
59.031010
8.076098
61.540436
8.157337
58.009007
8.322573
58.622063
8.403420
8.434260
56.242390
8.493463
62.656803
8.535886
61.491150
8.635552
8.415986
62.760155
8.850057
60.819534
8.711353
57.466000
9.043555
8.610529
57.333668
9.266357
70.405891
9.184777
67.569786
9.144482
9.059656
63.990410
9.621516
68.329979
9.505286
9.460941
70.477821
9.921024
67.190186
9.901891
70.272781
10.042040
9.850805
66.772141
10.304283
68.061531
10.238989
67.149284
10.462103
69.751717
10.455427
10.299877
74.070488
10.768010
70.499367
10.582936
76.411827
10.694502
10.775722
74.521858
10.743464
69.716713
11.135326
79.459618
11.401224
11.418928
74.592194
11.313694
77.753922
10.885672
77.990700
10.936522
11.764837
78.678001
12.043929
77.003426
11.943613
73.002609
12.109897
12.300819
78.680740
12.250813
77.336128
12.465621
81.381454
12.579655
12.450134
82.721069
12.669565
75.983093
12.620265
80.255615
12.980549
13.055422
86.378120
13.119036
86.059586
13.266110
82.590614
13.281646
13.416443
87.043953
13.573693
81.794098
13.348672
84.790840
13.479932
13.762559
86.276886
13.964490
86.849281
14.040521
87.574165
14.133030
14.342020
86.607780
14.412852
88.570160
14.115165
90.842445
14.646370
86.235023
14.519079
87.007507
15.065368
15.200073
90.265152
15.064916
86.943069
15.267310
88.797745
15.233293
88.406723
14.676522
91.118431
15.753857
15.431689
87.012306
15.131999
90.745857
15.832876
90.517548
15.937243
90.937141
16.143764
96.201141
16.186016
94.145119
16.102964
16.338921
97.084351
16.488865
99.911041
16.841061
80.769875
17.086500
93.206413
16.815844
98.022034
17.034252
17.142763
96.723984
17.052176
97.686523
17.360020
87.178291
17.411768
84.570549
17.460960
84.915092
18.015768
100.446625
18.169802
97.958664
18.011557
86.955437
18.128920
18.146786
102.046463
18.435028
105.655136
18.524723
103.386276
18.246525
102.897583
18.394653
96.804871
107.524872
89.381073
102.731750
104.146805
89.200790
103.666145
108.143555
94.225830
105.931824
108.553963
95.076157
108.224243
115.677353
109.707169
118.980446
111.796089
110.407333
97.990700
108.454964
118.183968
114.831566
99.581635
116.031967
117.291344
119.772850
104.725784
118.093010
118.021698
123.768486
118.696732
127.164543
118.268951
101.915108
126.580795
122.753532
127.875938
127.885826
110.164398
128.574661
124.038078
134.375229
112.750420
133.816910
113.715897
134.066574
134.324753
113.076622
113.785225
131.779449
