0.036023
0.050716
0.082531
0.100736
0.130353
0.162679
0.200846
0.241104
0.289903
0.336748
0.389682
0.448098
0.510747
0.574314
0.645458
0.716213
0.794317
0.875660
0.961269
1.051036
1.142706
1.240588
1.341181
1.446693
1.558503
1.669895
1.786967
1.907331
2.031909
2.162348
2.297186
2.428235
2.570047
2.718935
2.866646
3.017311
3.174585
3.336363
3.498554
3.667097
3.838187
4.017077
4.197544
4.381732
4.570590
4.764448
4.965896
5.160885
5.370297
5.577459
5.783820
5.997198
6.223853
6.454421
6.668233
6.902318
7.145556
7.388676
7.631107
7.870982
8.132151
8.384330
8.645041
8.899638
9.175518
9.450520
9.724878
10.003050
10.278855
10.573574
10.866737
11.152751
11.465632
11.755067
12.075877
12.388507
12.703981
13.024241
13.347427
13.675853
13.993302
14.349193
14.690049
15.096034
15.374672
15.718332
16.081375
16.423025
16.801268
17.184700
17.540096
17.915133
18.298651
18.655010
19.063169
19.430721
19.831512
20.222963
20.671120
21.066452
21.475380
21.855024
22.310295
22.705631
23.161757
23.608242
24.019228
24.470713
24.906740
25.353945
25.803167
26.222319
26.705418
27.179756
27.638603
28.092613
28.589741
29.073774
29.544979
30.005730
30.524200
31.025339
31.546736
32.029903
32.515511
33.035358
33.547157
34.044220
34.575981
35.124428
35.654427
36.181667
36.711178
37.204388
37.793880
38.310040
38.906586
39.477768
40.038391
40.536392
41.154472
41.721722
42.305832
42.833500
43.546024
44.074768
44.666168
45.276699
45.856739
46.462029
47.065796
47.641087
48.297020
48.909595
49.545433
50.182209
50.826290
51.446617
52.111679
52.685490
53.035431
53.688984
54.266983
54.984207
55.569206
56.313046
56.908131
57.581707
58.314945
58.983505
59.671761
60.279224
60.985329
61.755562
62.450096
63.095596
63.788639
64.576851
65.273193
66.005318
66.636772
67.370811
68.101837
68.884529
69.562897
70.403717
1.451114
1.557720
1.668876
1.786992
1.907987
2.032581
2.157361
2.292801
2.431613
2.573510
0.013249
0.018368
0.024369
0.035844
0.047187
0.053935
0.067653
0.087851
0.096835
0.118395
0.129912
0.158690
0.175119
0.199520
3.019789
0.242269
0.269548
0.297654
3.180067
0.354944
0.384828
0.419277
3.333999
0.488428
0.522406
3.503773
0.601494
0.645017
3.665981
0.725664
0.772644
0.814051
0.860870
4.018690
0.960593
4.200903
