1.062620
4.380951
0.004675
0.007321
0.012118
0.015197
0.019177
1.172369
0.024225
0.028474
0.036047
4.566133
0.050211
1.230754
0.058858
0.064920
0.074433
0.086549
0.093909
0.106092
4.770175
0.126795
0.143923
0.153942
0.170355
0.182096
0.197805
0.213675
4.958376
0.225276
0.246157
0.263083
0.276823
0.294992
1.598583
0.314569
0.335530
0.352123
0.373473
0.395045
0.418984
1.795207
0.440799
1.869519
0.466055
0.486143
5.781149
0.510492
1.935525
0.536272
2.006378
0.560912
6.009477
0.583369
2.077712
0.609428
0.641077
2.154872
6.224421
0.663396
2.230767
0.693013
6.445530
0.722978
2.308823
0.750538
2.389442
0.778976
6.670360
0.810864
2.466043
0.840708
6.901348
0.873647
2.552435
0.904051
7.149426
2.636883
0.937601
0.970329
2.715060
7.389153
1.003272
2.803023
1.037213
7.631942
1.071746
2.891377
1.107815
2.971825
7.878132
1.145391
1.179319
3.065570
8.134693
1.219369
3.163177
1.256162
8.377328
3.248356
1.293272
1.331026
3.337527
8.663858
1.373393
3.438317
1.411849
8.900735
3.541999
1.452283
3.627714
9.163450
1.494166
3.734683
1.535974
9.453648
1.579303
3.824976
1.619969
9.725291
3.935441
1.664099
4.038389
10.007845
1.709741
4.139251
1.755101
10.291689
1.805636
4.234201
1.846484
10.577748
4.344846
1.891626
1.942331
4.457755
10.865319
1.987952
4.560268
2.032957
11.154545
4.679254
2.084243
4.786188
11.474001
2.132301
2.185338
4.902252
11.753154
2.232418
5.040176
2.283514
12.057444
5.130889
2.334601
5.254068
12.383290
2.388777
5.366777
2.445531
12.688481
5.486330
2.496502
13.023466
5.609137
2.548764
2.602058
13.350982
5.726030
2.663808
5.860595
13.657619
2.713931
5.971157
2.769047
14.003740
6.105779
2.834656
14.354964
6.238241
2.884205
2.941660
6.369902
14.667656
3.004540
6.492647
15.037265
3.057652
6.623001
3.123349
15.375906
6.757043
3.180343
15.720791
6.892315
3.236523
3.304644
7.030662
16.059044
3.367951
7.165057
16.418787
3.424310
7.311271
3.487949
16.825912
7.445273
3.555236
7.581557
17.175636
3.617260
7.727013
3.682541
17.539932
3.747902
7.870614
17.918680
3.820437
8.019632
18.299641
3.878907
8.172699
3.950719
18.682383
8.311804
4.015289
8.473334
4.084218
19.044863
8.611083
4.150116
19.433807
8.749701
4.221328
19.852936
8.915796
4.296672
20.255028
4.357101
9.067521
4.438660
9.227096
20.622112
4.504067
9.381427
21.035915
4.576050
9.539633
4.653679
21.447741
9.701816
4.724597
9.873369
21.863052
4.794553
10.015777
4.874898
22.302660
10.189882
4.948001
22.696196
5.030303
10.348214
5.099906
10.516446
23.184761
5.175309
10.683509
23.587196
5.259480
10.854150
24.020100
5.354786
11.021889
5.413883
11.190211
24.466412
5.492521
11.353024
24.901075
5.567622
11.540108
5.660894
25.352013
11.720017
5.733490
25.803637
11.895978
5.817172
12.073492
26.231186
5.902835
5.979207
12.269996
26.715511
6.085352
12.424028
27.134197
6.149077
12.620670
6.228987
27.611288
12.787905
6.317300
28.094831
12.981477
6.401390
13.171721
6.480720
28.576040
6.566630
13.354397
29.061005
6.659383
13.565253
29.548164
6.754360
13.739986
29.989323
6.833520
13.930657
6.941600
30.523249
14.121925
7.014322
14.295222
31.008505
7.105446
14.506756
7.197233
31.477140
14.702964
7.295648
32.008167
14.901956
7.408033
15.108942
32.521961
7.474744
15.302637
7.568093
33.049599
7.660588
15.509334
33.555470
7.810376
15.708164
34.060257
7.906498
15.898082
8.001370
34.549927
16.120125
8.109415
35.117416
16.319637
8.189758
16.534052
8.280111
35.641335
16.741236
8.400150
36.184319
8.478538
16.955048
36.714630
8.593525
17.172132
37.257591
8.677014
17.387863
37.800568
8.783250
17.579260
8.873875
38.307274
17.695614
8.979781
17.909872
38.901409
9.087565
18.124094
39.411201
9.190892
18.340431
9.294212
39.964699
18.576881
9.394758
40.617981
18.783268
9.507779
19.008732
41.172859
9.603074
19.218687
9.724528
41.689255
19.456436
9.808401
42.257751
19.676577
9.929523
42.842567
19.911167
10.024888
43.433563
10.135863
20.140511
10.244096
20.376152
44.108936
10.348566
20.617722
44.651737
10.458444
20.834131
45.272152
10.550321
21.065077
10.676797
45.804424
21.303701
10.786688
21.529711
46.463688
10.907091
21.778105
47.072811
10.997597
22.011259
11.148803
47.698132
22.257195
11.249285
22.511208
48.303177
11.366380
22.737152
11.489947
49.139248
22.980549
11.604302
49.492542
11.709355
23.237221
50.182793
11.822984
23.484451
50.814026
11.924010
23.741177
12.072021
51.392117
23.974800
12.180860
24.238173
52.021137
12.309623
24.471340
12.398967
52.673008
24.740244
12.548565
53.021988
24.974361
12.671034
25.249956
53.660881
12.785184
25.506413
12.893630
54.262066
25.764345
13.020692
54.956619
13.162111
26.024364
55.578014
13.271260
26.312410
56.246796
13.422266
26.552473
13.519887
26.839457
56.959137
13.645274
27.112207
57.596851
13.768746
27.362635
58.247955
13.884411
27.639751
58.909763
14.015549
27.894329
14.150871
28.187420
59.617344
14.276105
28.442856
60.340122
14.424578
28.685047
61.047104
14.528688
28.992735
61.752544
14.650096
29.249863
14.787687
62.433311
29.538576
14.902477
29.828144
63.133869
15.042615
30.105986
15.174919
63.794601
15.322423
30.367931
64.498383
15.461547
30.671629
65.276642
15.586168
30.963156
65.979446
15.704804
31.232800
15.849877
66.719261
31.497932
15.989382
31.832693
67.372208
16.119207
16.261532
32.085621
68.165848
16.408937
32.394993
68.832977
16.516020
32.694366
69.567505
16.670059
32.980267
70.390755
16.811502
33.279930
16.948490
71.029381
33.567272
17.066870
33.813671
71.838348
17.243233
34.159851
72.565140
17.371635
34.475494
17.526196
73.291840
34.770584
17.688433
35.042900
74.156303
17.816912
17.961025
35.370350
74.821335
18.094631
35.678509
75.702835
18.219500
35.993519
76.469994
18.380804
36.242790
18.553146
77.235268
36.604797
18.685112
78.007843
36.914139
18.800724
37.237511
78.818451
18.990479
37.518993
19.103403
79.586197
37.839817
19.283884
38.150997
80.410919
19.384848
38.476795
81.123444
19.564899
38.781479
81.998184
19.728151
39.120438
19.864649
82.803726
39.435570
20.005064
39.769196
83.599327
20.161713
40.102665
84.325455
20.310061
40.421803
20.489473
85.174286
40.747402
20.628040
86.151512
41.118073
20.787102
86.885422
41.360867
20.962660
41.724300
87.641785
21.093756
42.068336
21.265156
88.550995
42.390469
21.410362
89.414711
42.768150
21.557705
90.077789
43.051273
21.719055
43.414551
91.052322
21.884336
43.725285
22.035995
91.929474
44.015545
22.191984
92.795799
44.414593
22.348532
93.529495
44.755264
22.493216
94.414040
45.110153
22.691034
45.447594
22.851849
95.358719
45.781803
23.009619
96.141808
23.195419
46.144089
96.984200
46.475060
23.329521
98.011131
23.520800
46.818905
23.673651
47.192818
98.710457
23.798256
47.524784
99.739304
24.007870
47.902489
100.588463
24.187046
48.255741
24.333233
101.421036
48.621376
24.459604
48.959484
102.419746
24.677702
49.320553
103.319595
24.852999
49.628803
104.212776
25.014160
50.051773
25.215992
105.071655
50.403343
25.359055
106.049873
50.778015
25.503716
51.174717
106.928894
25.706940
51.510342
107.849037
25.812960
51.863457
26.048740
108.711693
52.263863
109.676865
52.585934
52.999489
110.607361
53.383053
111.554161
53.732578
112.444443
54.126232
113.447365
54.489182
54.863911
114.320168
55.256985
115.365150
55.587055
116.229729
55.997746
117.252365
56.398335
56.780685
118.214760
57.170048
119.170273
57.548058
120.145828
57.910416
121.031906
58.329018
121.964935
58.646606
59.095798
122.987663
123.950096
124.924286
126.071136
126.900841
128.048172
129.167389
130.077362
131.081512
131.955521
132.990250
133.993820
135.159225
136.125977
137.273834
138.130234
139.218048
140.270111
141.343582
142.474579
143.562012
