0.033942
0.056356
0.072071
0.099243
0.128846
0.173699
0.201708
0.248492
0.289220
0.338209
0.390947
0.447676
0.508426
0.582949
0.645444
0.715957
0.794548
0.875190
0.960364
1.049523
1.144871
1.240153
1.342072
1.448200
1.554965
1.671803
1.786785
1.908459
2.033159
2.161591
2.291385
2.430945
2.572305
2.717663
2.864803
3.019934
3.174249
3.338595
3.501180
3.667904
3.841586
4.020482
4.198737
4.383312
4.567512
4.761651
4.965372
5.161776
5.366072
5.578080
5.790336
6.004334
6.224356
6.450149
6.674449
6.902271
7.137571
7.387198
7.618491
7.874208
8.122764
8.377347
8.644742
8.906722
9.181476
9.445246
9.715097
10.003404
10.278709
10.573811
10.874156
11.151187
11.450835
11.769399
12.071731
12.392461
12.682802
13.022620
13.335500
13.657716
14.009469
14.328193
14.661996
15.024614
15.358972
15.726168
16.061909
16.436451
16.782207
17.152777
17.517836
17.920712
18.297176
18.669647
19.057444
19.428896
19.852110
20.252396
20.619276
21.061552
21.494495
21.892685
22.310942
22.691307
23.157803
23.578779
24.022890
24.455168
24.904306
25.348129
25.766092
26.221682
26.714716
27.178911
27.631384
28.088331
28.585648
29.023005
29.515142
30.005882
30.514463
31.033457
31.517733
32.000446
32.480602
33.039272
33.544724
34.016270
34.584049
35.110668
35.633175
36.193775
36.666611
37.257538
37.760262
38.292027
38.909424
39.419922
39.963120
40.586639
41.117748
41.734447
42.303547
42.885174
43.471863
44.027264
44.616669
45.267555
45.852551
46.479446
47.018154
47.640781
48.293652
48.912968
49.539482
50.180527
50.829288
51.448250
52.031929
52.664791
53.019535
53.665497
54.325375
54.966072
55.617893
56.288609
56.965912
57.574375
58.306866
58.929382
59.601025
60.377483
61.040741
61.676910
62.454208
63.090694
63.859364
64.551720
65.210434
65.957977
66.710243
67.445633
68.177643
68.796638
69.647758
70.313110
71.119118
71.848915
72.634422
73.381149
74.155128
74.889168
75.696167
76.460304
77.245369
78.051697
78.802147
79.607964
80.297226
81.105774
81.914627
82.724594
83.527824
84.398376
85.231949
86.050484
86.899719
87.610878
88.543312
89.363007
90.241554
91.054199
91.917892
92.769821
93.655373
94.432014
95.347458
96.202339
97.100563
97.839584
98.838249
99.608650
100.638954
101.345940
102.397354
103.169395
104.204544
105.117805
105.921700
106.925377
107.882202
108.667587
109.679474
110.623749
111.450462
112.622063
113.411102
114.390038
115.325607
116.312424
117.247818
118.177086
119.233910
120.144966
121.045296
122.094337
122.976990
123.977814
125.064758
126.094398
126.966309
127.899902
129.067795
130.033417
131.124191
131.915527
132.993225
134.126495
135.099121
136.180252
137.247070
138.117249
139.295670
140.272491
141.422333
142.306259
143.586960
144.686050
145.540390
146.780289
